>>> from assignment import *
>>> gauss2d(0.5)
array([[1.265625, 0.      , 1.265625],
       [0.      , 0.      , 0.      ],
       [1.265625, 0.      , 1.265625]])
>>> gauss2d(1)
array([[20.25,  9.  ,  2.25,  0.  ,  2.25,  9.  , 20.25],
       [ 9.  ,  4.  ,  1.  ,  0.  ,  1.  ,  4.  ,  9.  ],
       [ 2.25,  1.  ,  0.25,  0.  ,  0.25,  1.  ,  2.25],
       [ 0.  ,  0.  ,  0.  ,  0.  ,  0.  ,  0.  ,  0.  ],
       [ 2.25,  1.  ,  0.25,  0.  ,  0.25,  1.  ,  2.25],
       [ 9.  ,  4.  ,  1.  ,  0.  ,  1.  ,  4.  ,  9.  ],
       [20.25,  9.  ,  2.25,  0.  ,  2.25,  9.  , 20.25]])
